5.215535966804655, 0.11183973050491008, 5.195749356525828, 0.15476513438517364, 
5.195749356525828, 0.15476513438517364, 5.176033447936391, 0.18523664830887204, 
5.195749356525828, 0.15476513438517364, 5.085434761037867, 0.05435973232993104, 
5.085434761037867, 0.05435973232993104, 5.203143601632056, 0.017552194510889643, 
5.285311982058796, -0.014337394922099154, 5.203143601632056, 0.017552194510889643, 
5.085434761037867, 0.05435973232993104, 4.9977948399851515, 0.24196760601758546, 
4.9977948399851515, 0.24196760601758546, 4.972544189163383, 0.262994452413434, 
5.085434761037867, 0.05435973232993104, 5.001455601512183, -0.08521279406583739, 
0.03659155680910306, 0.5077308349120883, 0.17159494805012535, 0.5386299456253216, 
0.17159494805012535, 0.5386299456253216, 0.3042545156121277, 0.6217007929006008, 
0.5406099055575027, 0.738795430546387, 0.3042545156121277, 0.6217007929006008, 
0.3042545156121277, 0.6217007929006008, 0.24762586087220942, 0.6719386764870288, 
0.24762586087220942, 0.6719386764870288, 0.21735385013629485, 0.716962816044981, 
6.1652438225974935, -0.6600549013426628, 0.2557161808533464, -0.5123845569984569, 
0.2557161808533464, -0.5123845569984569, 6.103520187021687, -0.5677875989381067, 
6.103520187021687, -0.5677875989381067, 6.1652438225974935, -0.6600549013426628, 
4.74132373036921, -0.8742606104423682, 4.589526461111522, -0.870499901840798, 
4.589526461111522, -0.870499901840798, 4.444570521485779, -0.9772108222575892, 
4.444570521485779, -0.9772108222575892, 4.406019207059852, -1.0304651677432608, 
4.406019207059852, -1.0304651677432608, 4.586287420908029, -1.0591288336431106, 
4.586287420908029, -1.0591288336431106, 4.561393108141875, -0.9839763616686582, 
4.561393108141875, -0.9839763616686582, 4.560981501326613, -0.9691784203117627, 
4.560981501326613, -0.9691784203117627, 4.74132373036921, -0.8742606104423682, 
4.161845196728171, -0.2919868053443194, 4.08200069683829, -0.25812644711861676, 
4.08200069683829, -0.25812644711861676, 4.001201606074816, -0.1637618218655233, 
4.001201606074816, -0.1637618218655233, 3.887195772376944, -0.2799789223361912, 
3.887195772376944, -0.2799789223361912, 3.944753888804657, -0.441251712982199, 
3.944753888804657, -0.441251712982199, 4.08200069683829, -0.25812644711861676, 
0.5803227118310146, 0.15440491005255608, 0.6464641454969048, 0.14765630583081224, 
0.45415867380732866, -0.27819772685864885, 0.19018488520513266, -0.3139270440443297, 
0.19018488520513266, -0.3139270440443297, 0.08477064072906729, -0.15400494320424254, 
0.19018488520513266, -0.3139270440443297, 0.2992701503178297, -0.17770797554527157, 
0.2992701503178297, -0.17770797554527157, 0.3666245836526667, -0.14281593491581826, 
0.3666245836526667, -0.14281593491581826, 0.4863367295305254, -0.1803788030179995, 
0.4863367295305254, -0.1803788030179995, 0.6368277588478987, -0.21450872985655403, 
0.6368277588478987, -0.21450872985655403, 0.6962213174544548, -0.20719821881085107, 
0.6962213174544548, -0.20719821881085107, 0.7161195045622876, -0.24187936992762352, 
0.7161195045622876, -0.24187936992762352, 0.6636090798709056, -0.2660638133767907, 
0.6636090798709056, -0.2660638133767907, 0.45415867380732866, -0.27819772685864885, 
0.6080137898878127, -0.05195942201405864, 0.6962213174544548, -0.20719821881085107, 
0.6080137898878127, -0.05195942201405864, 0.6958737060450995, -0.005733891337129329, 
0.6958737060450995, -0.005733891337129329, 0.7125394020953234, 0.056481763754035776, 
0.7125394020953234, 0.056481763754035776, 0.7953450773703941, 0.07138251473965089, 
0.7953450773703941, 0.07138251473965089, 0.7841546204665916, 0.15546325720876775, 
0.7841546204665916, 0.15546325720876775, 0.7196843395594861, 0.1765264857140581, 
0.7196843395594861, 0.1765264857140581, 0.6464641454969048, 0.14765630583081224, 
0.6464641454969048, 0.14765630583081224, 0.6801322448600726, 0.0976216007886612, 
0.6801322448600726, 0.0976216007886612, 0.7125394020953234, 0.056481763754035776, 
0.7416914661801451, 0.47579032887672534, 0.5548903182966677, 0.4095027372017861, 
0.5548903182966677, 0.4095027372017861, 0.5002077212771827, 0.3631734303896668, 
0.5002077212771827, 0.3631734303896668, 0.49536589120513097, 0.33674527144362565, 
4.9182271614426725, -0.08286532844120592, 4.919572519407752, -0.09957248493836847, 
4.919572519407752, -0.09957248493836847, 4.9511441044248, -0.2723242146602591, 
4.9511441044248, -0.2723242146602591, 4.839787174051478, -0.25422126847867765, 
4.839787174051478, -0.25422126847867765, 4.866010118710712, -0.1438728276309866, 
4.866010118710712, -0.1438728276309866, 4.9182271614426725, -0.08286532844120592, 
2.269374624216714, -0.6162461719288447, 2.2846031494238046, -0.5792122555264622, 
2.2846031494238046, -0.5792122555264622, 2.31488900855855, -0.4836317186707964, 
3.844736374867592, 0.23960460971040168, 3.733575610942795, 0.3348811561818567, 
3.733575610942795, 0.3348811561818567, 3.861486495077356, 0.47253336610213775, 
3.861486495077356, 0.47253336610213775, 3.994629597707238, 0.5814583662408298, 
3.994629597707238, 0.5814583662408298, 3.9354839588807313, 0.7049496666653879, 
3.9354839588807313, 0.7049496666653879, 3.805164042829248, 0.6685987772834577, 
3.805164042829248, 0.6685987772834577, 3.804080301159644, 0.5300763734109043, 
3.804080301159644, 0.5300763734109043, 3.733575610942795, 0.3348811561818567, 
3.733575610942795, 0.3348811561818567, 3.64200172132472, 0.32111585464991915, 
3.64200172132472, 0.32111585464991915, 3.6192819810106673, 0.2757237293018496, 
1.1817406199097107, -0.7845909619342063, 1.2241898945884073, -0.7306573392180786, 
1.2241898945884073, -0.7306573392180786, 1.230707963801706, -0.6482987032140576, 
2.175208987238455, -1.3425067314343389, 2.7727623206293504, -1.371964998080324, 
2.7727623206293504, -1.371964998080324, 3.2216553196361732, -1.3842604377417755, 
2.298149863235638, 0.5019566928735693, 2.2832694269870726, 0.3746974737826496, 
2.2832694269870726, 0.3746974737826496, 2.1819429161110118, 0.4750543905860046, 
2.2832694269870726, 0.3746974737826496, 2.289370990256161, 0.3168620949732623, 
2.289370990256161, 0.3168620949732623, 2.1664589534084926, 0.16032012843367624, 
2.289370990256161, 0.3168620949732623, 2.3495912113423354, 0.20695727084994142, 
5.314761537593627, -0.21894913836183624, 5.32766491091514, -0.25798389969021557, 
5.32766491091514, -0.25798389969021557, 5.523733084001645, -0.30076775073657536, 
5.523733084001645, -0.30076775073657536, 5.59485511786236, -0.29381843365085214, 
5.59485511786236, -0.29381843365085214, 5.6727082382925715, -0.2908111166325225, 
5.6727082382925715, -0.2908111166325225, 5.703029731232878, -0.28146149366952866, 
5.59485511786236, -0.29381843365085214, 5.614144375883396, -0.39115251939808193, 
5.614144375883396, -0.39115251939808193, 5.523733084001645, -0.30076775073657536, 
5.32766491091514, -0.25798389969021557, 5.4371201596243095, -0.4410539090003063, 
5.523733084001645, -0.30076775073657536, 5.462102532652611, -0.46982759431625454, 
2.4138076922873797, -1.2167994453226691, 2.6779370946379415, -1.2223922381935415, 
2.6779370946379415, -1.2223922381935415, 2.8054298269725466, -1.123895524852993, 
2.8054298269725466, -1.123895524852993, 2.807966305573084, -1.0570872521617456, 
2.807966305573084, -1.0570872521617456, 2.917274178187708, -1.0293089048682216, 
2.917274178187708, -1.0293089048682216, 2.851400361673791, -1.0271834461814229, 
2.851400361673791, -1.0271834461814229, 2.7396396408186208, -1.0251962259727676, 
2.7396396408186208, -1.0251962259727676, 2.6925348251959047, -1.0704511368429284, 
2.6925348251959047, -1.0704511368429284, 2.4307659806586654, -1.034548273004167, 
2.271621735628657, -1.0430266990980124, 2.192632447072253, -1.0386371960292466, 
2.192632447072253, -1.0386371960292466, 1.6753044274532385, -0.919713872248528, 
2.404053683167378, -1.0291668544596566, 2.4307659806586654, -1.034548273004167, 
2.404053683167378, -1.0291668544596566, 2.271621735628657, -1.0430266990980124, 
1.6753044274532385, -0.919713872248528, 1.7355605320163265, -0.7539109870048345, 
2.192632447072253, -1.0386371960292466, 2.1100354840869002, -0.6981874543710594, 
0.49914088877190116, 1.111253581006204, 0.3744167473811106, 1.0513063515826029, 
0.3744167473811106, 1.0513063515826029, 0.2474367835365767, 1.0597072074874707, 
0.2474367835365767, 1.0597072074874707, 0.17674295356625727, 0.986764062528047, 
0.17674295356625727, 0.986764062528047, 0.040003675236677645, 1.0323661576957057, 
3.838335263322605, -1.0617734523261468, 3.6818768267714277, -1.0537071134226428, 
3.6818768267714277, -1.0537071134226428, 3.5774354473087544, -0.933164053764948, 
3.5774354473087544, -0.933164053764948, 3.645733272913705, -0.825336135942686, 
3.645733272913705, -0.825336135942686, 3.6594295444816476, -0.781969062915155, 
3.6594295444816476, -0.781969062915155, 3.61988630126417, -0.741305822418783, 
3.61988630126417, -0.741305822418783, 3.619398336294134, -0.72758705856163, 
3.619398336294134, -0.72758705856163, 3.53884915971876, -0.6877867731018275, 
3.53884915971876, -0.6877867731018275, 3.493281505186518, -0.6407467427490071, 
3.619398336294134, -0.72758705856163, 3.694376343032065, -0.6347534316371127, 
3.61988630126417, -0.741305822418783, 3.8201220420022794, -0.7357915693642505, 
3.8201220420022794, -0.7357915693642505, 3.923332964342297, -0.7348558256964872, 
3.645733272913705, -0.825336135942686, 3.322757846591561, -0.8545112758375046, 
3.322757846591561, -0.8545112758375046, 3.2639408448618195, -0.8766895580549398, 
3.2639408448618195, -0.8766895580549398, 3.178065638343831, -0.8852731842789842, 
3.178065638343831, -0.8852731842789842, 3.0314703605699327, -0.9470878893706084, 
3.0314703605699327, -0.9470878893706084, 3.035922338024534, -1.099903581286138, 
5.806947328827628, 1.015803454592155, 5.976364657131317, 1.1554205167127332, 
5.976364657131317, 1.1554205167127332, 5.622838663404543, 1.2315164938124483, 
5.622838663404543, 1.2315164938124483, 5.578841488948717, 1.0923220471865398, 
5.578841488948717, 1.0923220471865398, 5.806947328827628, 1.015803454592155, 
5.976364657131317, 1.1554205167127332, 6.193081130235795, 1.3549335556033715, 
6.193081130235795, 1.3549335556033715, 5.622838663404543, 1.2315164938124483, 
3.446992447896785, 0.30594069939820867, 3.4552370634641907, 0.4865284693189213, 
3.4552370634641907, 0.4865284693189213, 3.2591355048127166, 0.49338033441613965, 
3.2888614041457798, 0.7218119136062351, 3.386072574089742, 0.66877960834791, 
1.5695775717796143, 0.6494855093510065, 1.5687434498412656, 0.7844809136671963, 
1.5687434498412656, 0.7844809136671963, 1.3818135880866427, 0.8028344918771546, 
1.3818135880866427, 0.8028344918771546, 1.3198092453894736, 0.716909486540059, 
1.3198092453894736, 0.716909486540059, 1.295879351870723, 0.5788583504164558, 
1.4237159929330478, 0.49930137500003496, 1.295879351870723, 0.5788583504164558, 
1.4237159929330478, 0.49930137500003496, 1.5695775717796143, 0.6494855093510065, 
1.6672876150014382, -0.5835731545880424, 1.6430195639401142, -0.613321335376729, 
1.6430195639401142, -0.613321335376729, 1.5600486847709496, -0.6158098484930498, 
1.5600486847709496, -0.6158098484930498, 1.5313482912091085, -0.6242921486577421, 
1.5313482912091085, -0.6242921486577421, 1.5670722970824809, -0.7472646451802911, 
1.5313482912091085, -0.6242921486577421, 1.4819983627436903, -0.5947044411975029, 
1.4819983627436903, -0.5947044411975029, 1.4451863683908808, -0.61907605157849, 
3.8506827904942145, -1.1340204181553029, 4.028995097389493, -1.0353414148706568, 
3.8506827904942145, -1.1340204181553029, 4.003418901445371, -1.0262691008946558, 
2.878829765178466, -0.3193797301999632, 2.930661630705297, -0.39838208320379653, 
2.930661630705297, -0.39838208320379653, 2.98836573536554, -0.30864449420125195, 
2.98836573536554, -0.30864449420125195, 2.9641886451260726, -0.25794317534100236, 
2.9641886451260726, -0.25794317534100236, 2.878829765178466, -0.3193797301999632, 
2.9641886451260726, -0.25794317534100236, 2.987175275371576, -0.18953209752350247, 
2.987175275371576, -0.18953209752350247, 3.0398509663748894, -0.17108153993256553, 
3.0398509663748894, -0.17108153993256553, 3.1242106453257295, -0.299338019655877, 
3.1242106453257295, -0.299338019655877, 3.075107311196183, -0.3202785902998466, 
3.075107311196183, -0.3202785902998466, 2.98836573536554, -0.30864449420125195, 
4.903425581260827, -0.6688678444378718, 4.95967935852952, -0.6517616740750012, 
4.95967935852952, -0.6517616740750012, 4.968623082689597, -0.6476407533469682, 
4.968623082689597, -0.6476407533469682, 5.002189367018542, -0.6468670040277229, 
5.002189367018542, -0.6468670040277229, 5.015514756120437, -0.6615539896306715, 
5.015514756120437, -0.6615539896306715, 5.01794869662742, -0.6866246258835879, 
5.01794869662742, -0.6866246258835879, 5.010616992486055, -0.706799689040891, 
5.010616992486055, -0.706799689040891, 4.987774829453012, -0.7346963264340037, 
4.987774829453012, -0.7346963264340037, 4.957968935862565, -0.7454408027435679, 
4.903425581260827, -0.6688678444378718, 4.853564894317848, -0.6929640850865908, 
4.070675164170972, 0.5473207156728912, 4.048425685863085, 0.5079868120971123, 
4.048425685863085, 0.5079868120971123, 4.078339208090738, 0.4662632685450473, 
4.078339208090738, 0.4662632685450473, 4.113496650921085, 0.4589435293946464, 
4.113496650921085, 0.4589435293946464, 4.143389810974131, 0.45498214121861036, 
4.143389810974131, 0.45498214121861036, 4.178267273903638, 0.4691100833840179, 
4.178267273903638, 0.4691100833840179, 4.195087140704454, 0.5209996961117734, 
3.281544905056343, -0.28267108604948965, 3.27190918321002, -0.28824258040790685, 
3.27190918321002, -0.28824258040790685, 3.2105673384080875, -0.3061651636939605, 
3.2105673384080875, -0.3061651636939605, 3.1857735651662487, -0.3947900853246505, 
3.1857735651662487, -0.3947900853246505, 3.1782990761312857, -0.4315986010934325, 
3.1857735651662487, -0.3947900853246505, 3.2916349566363805, -0.4083478954782768, 
3.2916349566363805, -0.4083478954782768, 3.27190918321002, -0.28824258040790685, 
3.2775777340183385, -0.9968021120410129, 3.2576527021690422, -1.101286252150255, 
3.349819276512274, -1.0417647468404914, 3.2076795457165588, -1.025361547438026, 
5.04880905997428, 0.9314501930162078, 5.103803857221181, 0.9028496194739293, 
5.103803857221181, 0.9028496194739293, 5.170424529210848, 0.7876791806968559, 
5.170424529210848, 0.7876791806968559, 5.3329771902468694, 0.702611864024865, 
5.3329771902468694, 0.702611864024865, 5.416767999657444, 0.7902908986286039, 
5.3329771902468694, 0.702611864024865, 5.437604488491737, 0.5928786595060552, 
5.437604488491737, 0.5928786595060552, 5.55423274596976, 0.527562136318573, 
5.55423274596976, 0.527562136318573, 5.690384293318738, 0.5016638698487808, 
5.3329771902468694, 0.702611864024865, 5.219872316196313, 0.6123225659304214, 
5.219872316196313, 0.6123225659304214, 5.108236199721699, 0.4879887392229278, 
5.380905152921082, 0.19728038644604373, 5.399821118936687, 0.25473419247608786, 
5.399821118936687, 0.25473419247608786, 5.408938876679261, 0.2777177535467972, 
5.408938876679261, 0.2777177535467972, 5.439574528884926, 0.2814304655939377, 
5.439574528884926, 0.2814304655939377, 5.425614276267619, 0.26310305067800255, 
5.425614276267619, 0.26310305067800255, 5.399821118936687, 0.25473419247608786, 
1.5043589809557163, -1.147301333117988, 1.5450454730898988, -1.1011461409964145, 
1.5450454730898988, -1.1011461409964145, 1.455715183616834, -1.0906538299414528, 
1.455715183616834, -1.0906538299414528, 1.5043589809557163, -1.147301333117988, 
1.455715183616834, -1.0906538299414528, 1.1955302253757796, -0.960716477883075, 
1.1955302253757796, -0.960716477883075, 1.1171191353907477, -0.8986191308539655, 
4.684145883695299, 0.9926113781429001, 4.697581083095965, 0.8986516133705998, 
4.697581083095965, 0.8986516133705998, 4.583378605400399, 0.9128309413476032, 
4.583378605400399, 0.9128309413476032, 4.591370625775435, 0.9629471367000728, 
4.591370625775435, 0.9629471367000728, 4.684145883695299, 0.9926113781429001, 
4.684145883695299, 0.9926113781429001, 5.028959181510068, 1.1809125847739863, 
5.028959181510068, 1.1809125847739863, 5.1843701708386964, 1.2264051120497141, 
5.1843701708386964, 1.2264051120497141, 5.042059132250247, 1.2802901246782783, 
5.042059132250247, 1.2802901246782783, 4.804189035585002, 1.269442383054638, 
4.804189035585002, 1.269442383054638, 4.488930806859734, 1.1469367621069972, 
4.488930806859734, 1.1469367621069972, 4.293474292810975, 1.0736232905128351, 
4.293474292810975, 1.0736232905128351, 4.197058635538688, 1.0221423668410514, 
4.197058635538688, 1.0221423668410514, 4.0357669083082035, 1.029151344860463, 
4.0357669083082035, 1.029151344860463, 3.684348582745538, 1.1235698010769162, 
3.684348582745538, 1.1235698010769162, 3.2876942152085085, 1.2180342480140478, 
3.2876942152085085, 1.2180342480140478, 3.016822634888299, 1.2100561452005059, 
4.247602843193003, -0.9534806114995062, 4.275371131460773, -0.8753767003609024, 
4.275371131460773, -0.8753767003609024, 4.30740370770953, -0.8299864643332869, 
4.30740370770953, -0.8299864643332869, 4.202815180030127, -0.8592207514972009, 
4.202815180030127, -0.8592207514972009, 4.275371131460773, -0.8753767003609024, 
4.202815180030127, -0.8592207514972009, 4.247602843193003, -0.9534806114995062, 
0.42635121341933446, -0.9989682906384229, 0.505914974978934, -0.9007571281174459, 
0.505914974978934, -0.9007571281174459, 0.5956299641079589, -0.8990559435420435, 
0.5956299641079589, -0.8990559435420435, 0.6413430669057232, -0.8325889708050938, 
0.6413430669057232, -0.8325889708050938, 0.6972532433746966, -0.7486003512577661, 
0.6972532433746966, -0.7486003512577661, 0.7010355131466834, -0.6956062797012214, 
0.7010355131466834, -0.6956062797012214, 0.7778147161199114, -0.7034500935636979, 
0.7778147161199114, -0.7034500935636979, 0.8721715538387195, -0.7517404406456925, 
0.8721715538387195, -0.7517404406456925, 0.9974425650618016, -0.6565952575984595, 
0.9974425650618016, -0.6565952575984595, 1.001184837705097, -0.6318111417924772, 
1.001184837705097, -0.6318111417924772, 1.1252733925211422, -0.5898921894760132, 
1.1252733925211422, -0.5898921894760132, 1.1520751381365941, -0.5937086472123092, 
1.1520751381365941, -0.5937086472123092, 1.2023188206231374, -0.5334128456291938, 
1.2023188206231374, -0.5334128456291938, 0.9898191206555733, -0.40576190596114126, 
0.9898191206555733, -0.40576190596114126, 0.9328239311682767, -0.37756368560746645, 
0.9328239311682767, -0.37756368560746645, 0.8705534881780164, -0.37974776902156393, 
0.8705534881780164, -0.37974776902156393, 0.7958403145456477, -0.41232240247461455, 
0.7958403145456477, -0.41232240247461455, 0.7203831943196161, -0.32415371493015877, 
0.7203831943196161, -0.32415371493015877, 0.7698065720577225, -0.155292607231619, 
0.7698065720577225, -0.155292607231619, 0.8544862946171221, -0.15393513003416276, 
0.8544862946171221, -0.15393513003416276, 0.9291274734178463, -0.1650785702751645, 
0.9291274734178463, -0.1650785702751645, 0.974108988209627, -0.17043479515301405, 
0.974108988209627, -0.17043479515301405, 1.2056690589874175, -0.058511191881272004, 
1.2056690589874175, -0.058511191881272004, 1.2457389346982561, -0.0568036797608799, 
1.2457389346982561, -0.0568036797608799, 1.2779941070056682, -0.09516843745916943, 
1.2779941070056682, -0.09516843745916943, 1.3432512405172146, -0.08877181185368771, 
1.3432512405172146, -0.08877181185368771, 1.3489053717507762, -0.15278757716062696, 
1.3489053717507762, -0.15278757716062696, 1.2137942855535944, -0.2496446273290036, 
5.15329745909951, 0.3050156882104571, 5.180956664289031, 0.32348367801055533, 
5.180956664289031, 0.32348367801055533, 5.149141460397226, 0.3144026418268963, 
5.180956664289031, 0.32348367801055533, 5.230562096828906, 0.3402010366783798, 
5.230562096828906, 0.3402010366783798, 5.258493215914501, 0.3489068359500638, 
0.7377913825224596, -0.5655962721697044, 0.8380693038241179, -0.5059554405539625, 
1.7353445475213922, 0.2862238140204658, 1.8505245926904008, 0.35901957562083214, 
1.8505245926904008, 0.35901957562083214, 1.9203996347711643, 0.3836641028147705, 
1.9203996347711643, 0.3836641028147705, 1.9115435515807149, 0.28868569123523735, 
1.9115435515807149, 0.28868569123523735, 1.7684134130135194, 0.22507862774525003, 
1.9203996347711643, 0.3836641028147705, 1.9893386857838973, 0.46942375339709397, 
1.9893386857838973, 0.46942375339709397, 2.0265360404341615, 0.42582785275068114, 
1.9893386857838973, 0.46942375339709397, 2.03035315437335, 0.48915130467582124, 
1.9893386857838973, 0.46942375339709397, 1.9448552504704293, 0.48517146472899125, 
1.9448552504704293, 0.48517146472899125, 1.8812024236863232, 0.5278796848410979, 
1.8812024236863232, 0.5278796848410979, 1.9835666782467987, 0.5565617403713163, 
1.8812024236863232, 0.5278796848410979, 1.8011318247932322, 0.5927375831634542, 
1.8812024236863232, 0.5278796848410979, 1.7624865740843338, 0.43862160542008255, 
1.7624865740843338, 0.43862160542008255, 1.697171990151576, 0.352768870610986, 
1.7624865740843338, 0.43862160542008255, 1.670977531928363, 0.3929410037255978, 
1.670977531928363, 0.3929410037255978, 1.63571524450722, 0.39281834586427705, 
1.63571524450722, 0.39281834586427705, 1.5887746558867248, 0.40602709460610636, 
0.9122348804036737, 1.0461561891639817, 1.0359576432973219, 1.1008184113865862, 
1.0359576432973219, 1.1008184113865862, 1.2830359185599882, 1.1578980122724427, 
0.9122348804036737, 1.0461561891639817, 1.0051263687713285, 1.2449845468560423, 
1.0051263687713285, 1.2449845468560423, 1.2830359185599882, 1.1578980122724427, 
1.0051263687713285, 1.2449845468560423, 1.4074466320671308, 1.3828374652017008, 
1.8072506499401368, -0.21011292420993388, 1.848993860071325, -0.2728516875067044, 
1.848993860071325, -0.2728516875067044, 1.815740941208189, -0.2976528006424375, 
1.815740941208189, -0.2976528006424375, 1.7678185466267982, -0.2916993152700233, 
1.7678185466267982, -0.2916993152700233, 1.8457926353349585, -0.41596966911340716, 
1.8457926353349585, -0.41596966911340716, 1.8692105073498084, -0.46064814095533024, 
1.8692105073498084, -0.46064814095533024, 1.8972208352156172, -0.4672716632473478, 
1.8972208352156172, -0.4672716632473478, 1.9377307375987114, -0.5114357566508173, 
1.8265997897153021, -0.505658254206044, 1.8400970525316622, -0.4875548021274229, 
1.8400970525316622, -0.4875548021274229, 1.8692105073498084, -0.46064814095533024, 
1.8400970525316622, -0.4875548021274229, 1.8073648235620383, -0.417628674898553, 
1.8073648235620383, -0.417628674898553, 1.7308575386460745, -0.336075752627217, 
1.7308575386460745, -0.336075752627217, 1.723758478492615, -0.4008119671542165, 
1.7308575386460745, -0.336075752627217, 1.6698430679145666, -0.31338987936286394, 
1.7308575386460745, -0.336075752627217, 1.7678185466267982, -0.2916993152700233, 
1.8265997897153021, -0.505658254206044, 1.7882694254922846, -0.5673803598845766, 
1.6594292783667122, -0.5247051071027854, 1.8265997897153021, -0.505658254206044, 
1.815740941208189, -0.2976528006424375, 1.8072506499401368, -0.21011292420993388, 
3.6108354478095914, 0.8606795336706505, 3.5077786962201665, 0.9586293860561111, 
3.5077786962201665, 0.9586293860561111, 3.3773305396855178, 0.9766833538497456, 
3.3773305396855178, 0.9766833538497456, 3.208893276767216, 0.9954068404597886, 
3.208893276767216, 0.9954068404597886, 2.896071419881848, 1.0777602056537428, 
2.896071419881848, 1.0777602056537428, 2.8878209865502686, 0.9840573255534034, 
2.8878209865502686, 0.9840573255534034, 3.1146665532651374, 0.9371497114759515, 
3.1146665532651374, 0.9371497114759515, 3.208893276767216, 0.9954068404597886, 
3.1146665532651374, 0.9371497114759515, 3.080733683214245, 0.8339066766359423, 
3.080733683214245, 0.8339066766359423, 2.921961775091329, 0.7766463112646608, 
2.921961775091329, 0.7766463112646608, 2.692601729483898, 0.7489988636650363, 
2.921961775091329, 0.7766463112646608, 2.7154269167735907, 0.7243019477426264, 
2.8878209865502686, 0.9840573255534034, 2.5835498384928997, 0.9435996416192199, 
2.5835498384928997, 0.9435996416192199, 2.499626491855058, 0.9019619389396231, 
2.499626491855058, 0.9019619389396231, 2.372015949795944, 0.8230391242304036, 
2.499626491855058, 0.9019619389396231, 2.352764984791203, 0.8384973729437666, 
2.5835498384928997, 0.9435996416192199, 2.5787013427616663, 1.030426867462453, 
2.5787013427616663, 1.030426867462453, 2.226460530788998, 1.0597367811220182, 
2.226460530788998, 1.0597367811220182, 2.4937532758297722, 1.1006361258810908, 
2.4937532758297722, 1.1006361258810908, 2.896071419881848, 1.0777602056537428, 
6.051403500721715, -0.7595731037935037, 5.88729743007239, -0.7591406588671576, 
5.88729743007239, -0.7591406588671576, 5.795502465415731, -0.819617295953327, 
5.795502465415731, -0.819617295953327, 5.945750094320778, -0.8182898938488564, 
5.945750094320778, -0.8182898938488564, 6.066577417810653, -0.7897028285106217, 
6.066577417810653, -0.7897028285106217, 6.051403500721715, -0.7595731037935037, 
5.945750094320778, -0.8182898938488564, 6.025230734278475, -0.9207329328518129, 
5.945750094320778, -0.8182898938488564, 5.97144021421545, -0.8956452615410307, 
5.795502465415731, -0.819617295953327, 5.786268352389691, -0.6901565068662763, 
5.786268352389691, -0.6901565068662763, 5.733090218584934, -0.6521393394939837, 
4.622787312821368, 0.8029619934366844, 4.696039375590038, 0.6501443578278288, 
4.696039375590038, 0.6501443578278288, 4.5539254137629595, 0.6483185805749829, 
4.5539254137629595, 0.6483185805749829, 4.52769592411903, 0.6508565402481752, 
4.52769592411903, 0.6508565402481752, 4.516246697384003, 0.6424411399328739, 
4.516246697384003, 0.6424411399328739, 4.375958059066301, 0.6793253154868208, 
4.375958059066301, 0.6793253154868208, 4.337593573735414, 0.7406634531685165, 
4.337593573735414, 0.7406634531685165, 4.274926072501515, 0.8083191712971396, 
4.274926072501515, 0.8083191712971396, 4.156806352312587, 0.7408922807873982, 
4.375958059066301, 0.6793253154868208, 4.368957401561083, 0.5515570176184263, 
4.368957401561083, 0.5515570176184263, 4.320654193097694, 0.3750649581143288, 
4.320654193097694, 0.3750649581143288, 4.284437256546307, 0.3342833897902523, 
4.368957401561083, 0.5515570176184263, 4.451855683513758, 0.5397663311394351, 
4.451855683513758, 0.5397663311394351, 4.584710873396088, 0.45571614025460655, 
4.584710873396088, 0.45571614025460655, 4.516179065875487, 0.43353252508667933, 
4.653318245271914, 0.48384891076133163, 4.702632062382602, 0.51047244962086, 
4.702632062382602, 0.51047244962086, 4.745299378382121, 0.5019998412911879, 
4.451855683513758, 0.5397663311394351, 4.516246697384003, 0.6424411399328739, 
4.653318245271914, 0.48384891076133163, 4.584710873396088, 0.45571614025460655, 
1.1082898345239238, -0.7381671208928725, 0.7010100604284252, -0.9520756436446599, 
0.7010100604284252, -0.9520756436446599, 0.8011715640287794, -1.0426180056034389, 
2.282998900953013, 0.059317921291813035, 2.263506565314107, 0.05831969075464634, 
2.263506565314107, 0.05831969075464634, 2.258704067568064, 0.09955018350903742, 
2.258704067568064, 0.09955018350903742, 2.29850038352708, 0.11203122747034655, 
2.29850038352708, 0.11203122747034655, 2.3057239814820694, 0.10189038525083063, 
2.3057239814820694, 0.10189038525083063, 2.282998900953013, 0.059317921291813035, 
2.3057239814820694, 0.10189038525083063, 2.336100015961501, 0.10376903660065444, 
2.336100015961501, 0.10376903660065444, 2.4188656941078808, 0.040404856165111996, 
2.4188656941078808, 0.040404856165111996, 2.495742951177046, -0.020676334981609944, 
2.495742951177046, -0.020676334981609944, 2.483373790482112, -0.04832719708294815, 
2.483373790482112, -0.04832719708294815, 2.4765676171065585, -0.15112272032179405, 
2.4765676171065585, -0.15112272032179405, 2.580809738146296, -0.25912127147644803, 
2.580809738146296, -0.25912127147644803, 2.6642015531618277, -0.21561507356719553, 
2.6642015531618277, -0.21561507356719553, 2.7318409945233197, -0.2938450984033132, 
2.7318409945233197, -0.2938450984033132, 2.8345186811286323, -0.2826410276012609, 
2.8345186811286323, -0.2826410276012609, 3.0238018867480094, -0.5560187579256773, 
3.0238018867480094, -0.5560187579256773, 3.11065381700562, -0.5918086934662536, 
3.11065381700562, -0.5918086934662536, 3.44290037802138, -0.4034847338816689, 
3.44290037802138, -0.4034847338816689, 3.4859498010451535, -0.4044175020883182, 
0.1119337800938264, -1.3483545984419005, 0.9915091769867318, -1.2957192845707748, 
0.9915091769867318, -1.2957192845707748, 0.696329673312183, -1.1914830129720322, 
0.696329673312183, -1.1914830129720322, 0.6185024831493986, -1.1983329099636142, 
0.6185024831493986, -1.1983329099636142, 0.5182078981935798, -1.074597748257458, 
5.584463336344859, -0.9328658977896676, 5.399902567635115, -0.8253952832117813, 
5.399902567635115, -0.8253952832117813, 5.475139942427927, -1.0202162287176142, 
5.475139942427927, -1.0202162287176142, 5.584463336344859, -0.9328658977896676, 
5.829266620305595, 0.6588394956371301, 5.892614072727252, 0.7526450896588375, 
5.892614072727252, 0.7526450896588375, 5.888436984629839, 0.8326423003100157, 
5.888436984629839, 0.8326423003100157, 5.866560570449566, 0.8635258969854536, 
5.866560570449566, 0.8635258969854536, 5.862389300116328, 0.9115767505475819, 
5.862389300116328, 0.9115767505475819, 5.8961133912984725, 0.8775942070680848, 
5.8961133912984725, 0.8775942070680848, 5.888436984629839, 0.8326423003100157, 
1.635616342516274, -0.10951456630960968, 1.6965378538566847, -0.12274997980390001, 
1.6965378538566847, -0.12274997980390001, 1.884363651293998, -0.008600594460147132, 
1.884363651293998, -0.008600594460147132, 1.674505212099929, 0.08016006643613903, 
1.674505212099929, 0.08016006643613903, 1.609913485365706, 0.04362838344045975, 
1.884363651293998, -0.008600594460147132, 2.131894922523823, -0.052076746647474526, 
2.131894922523823, -0.052076746647474526, 2.0125740837044583, -0.1666978546279731, 
1.5976547373543892, -0.26066977303181466, 1.5551116512283976, -0.24727873878448997, 
1.5551116512283976, -0.24727873878448997, 1.5138803460878125, -0.25869173099358683, 
1.5138803460878125, -0.25869173099358683, 1.4518092239383265, -0.311057927776028, 
1.4518092239383265, -0.311057927776028, 1.365419747675845, -0.28283789080670313, 
1.4518092239383265, -0.311057927776028, 1.5329190209568762, -0.36438111680441704, 
1.5329190209568762, -0.36438111680441704, 1.5030172590932456, -0.3917827683063208, 
1.5030172590932456, -0.3917827683063208, 1.43224119078614, -0.36231677793095174, 
1.43224119078614, -0.36231677793095174, 1.3328243609999704, -0.3904451851145468, 
1.4518092239383265, -0.311057927776028, 1.43224119078614, -0.36231677793095174, 
1.365419747675845, -0.28283789080670313, 1.3944111542820279, -0.2299781625740962, 
1.365419747675845, -0.28283789080670313, 1.3667302573125328, -0.22586790774704774, 
1.3328243609999704, -0.3904451851145468, 1.365419747675845, -0.28283789080670313, 
1.3667302573125328, -0.22586790774704774, 1.362657764134564, -0.20715555520691342, 
1.3944111542820279, -0.2299781625740962, 1.3961928445601055, -0.21494796661303744, 
3.0938782440775987, 0.2543351952551366, 2.941929962622756, 0.26929994580784733, 
2.941929962622756, 0.26929994580784733, 2.6545337670335254, 0.20886693751437602, 
2.6545337670335254, 0.20886693751437602, 2.649987978131629, 0.2925637247476362, 
2.649987978131629, 0.2925637247476362, 2.705126515370468, 0.34630581720881387, 
2.705126515370468, 0.34630581720881387, 2.941346004543859, 0.35821185605439554, 
2.941346004543859, 0.35821185605439554, 3.0938782440775987, 0.2543351952551366, 
2.705126515370468, 0.34630581720881387, 2.6908176744519303, 0.408709557607181, 
2.6908176744519303, 0.408709557607181, 2.58642963175869, 0.45390923300720865, 
2.58642963175869, 0.45390923300720865, 2.5562601279074113, 0.41493942006734114, 
2.941346004543859, 0.35821185605439554, 2.941929962622756, 0.26929994580784733, 
4.149341317144405, -0.586903775752645, 4.220509415569337, -0.6415049780304569, 
4.220509415569337, -0.6415049780304569, 4.189323984649293, -0.670147801380621, 
4.189323984649293, -0.670147801380621, 4.149341317144405, -0.586903775752645, 
4.189323984649293, -0.670147801380621, 4.080322271874289, -0.7184943824110225, 
4.080322271874289, -0.7184943824110225, 4.020245313230882, -0.7094322539609267, 
4.020245313230882, -0.7094322539609267, 4.022143358792427, -0.6328767489477505, 
4.020245313230882, -0.7094322539609267, 3.9205875237806898, -0.7528279265570412, 
4.080322271874289, -0.7184943824110225, 4.0930384998503815, -0.7429425267745979, 
4.0930384998503815, -0.7429425267745979, 3.980601463910063, -0.9093005192445599, 
3.980601463910063, -0.9093005192445599, 3.8481434030115893, -0.8270790810736912, 
3.980601463910063, -0.9093005192445599, 3.830506867564943, -0.8626420949605964, 
3.8481434030115893, -0.8270790810736912, 3.779423245375878, -0.7920172935154239, 
3.8481434030115893, -0.8270790810736912, 3.9205875237806898, -0.7528279265570412, 
2.448075994091084, 0.6002628788760437, 2.4384191828496333, 0.6423315720409433, 
2.4384191828496333, 0.6423315720409433, 2.3846863628791715, 0.6711183806157949, 
2.3846863628791715, 0.6711183806157949, 2.3590124697137935, 0.7292586695024849, 
2.3590124697137935, 0.7292586695024849, 2.1940338010175005, 0.7537791176835726, 
2.1940338010175005, 0.7537791176835726, 1.9491589997742873, 0.8589051422294004, 
1.9491589997742873, 0.8589051422294004, 1.8207128813357807, 1.0196747007130182, 
1.8207128813357807, 1.0196747007130182, 1.656418527150373, 1.0299347904533305, 
4.873554965043952, 0.676891039362359, 4.907745204580485, 0.6563320082082189, 
4.907745204580485, 0.6563320082082189, 4.930903641961426, 0.5822883539470839, 
4.930903641961426, 0.5822883539470839, 4.969579377675585, 0.5705403932124558, 
4.969579377675585, 0.5705403932124558, 4.950211080495505, 0.6440022843720647, 
4.950211080495505, 0.6440022843720647, 4.907745204580485, 0.6563320082082189, 
2.736469686564685, -0.5422355138489369, 2.6130733874286163, -0.6264151832761353, 
5.576054119268204, -0.5615155909772036, 5.503420127363923, -0.5630044315988819, 
5.503420127363923, -0.5630044315988819, 5.454014519168715, -0.5895663991209094, 
3.3435322720101612, -1.1887102747577303, 3.0788022520877325, -1.1646378565584132, 
3.0788022520877325, -1.1646378565584132, 3.2832633271490352, -1.2589579000362032, 
3.2832633271490352, -1.2589579000362032, 3.3038414030267864, -1.2066425543174062, 
3.3038414030267864, -1.2066425543174062, 3.3435322720101612, -1.1887102747577303, 
5.67875355591014, -1.350701061149656, 5.960569855015667, -1.420377099975304, 
5.960569855015667, -1.420377099975304, 3.7826913744002373, -1.4602796101041922, 
3.7826913744002373, -1.4602796101041922, 5.67875355591014, -1.350701061149656, 
3.8740296445692928, -1.379590650224903, 4.3347766158913315, -1.3770118996234706, 
4.3347766158913315, -1.3770118996234706, 4.376807386056578, -1.3529196040632276, 
4.603015246952973, 0.21922353846674245, 4.640276472173468, 0.07970773138788725, 
4.495870539139922, -0.2744554411769607, 4.640276472173468, 0.07970773138788725, 
4.603015246952973, 0.21922353846674245, 4.4404283399734075, 0.16362558922113152, 
4.4404283399734075, 0.16362558922113152, 4.2687289936727355, -0.08190151551420881, 
4.2687289936727355, -0.08190151551420881, 4.350926235042526, -0.18443136501699592, 
4.350926235042526, -0.18443136501699592, 4.495870539139922, -0.2744554411769607, 
4.495870539139922, -0.2744554411769607, 4.587666958237627, -0.41822598976599, 
1.486840130397904, -0.03390447627068364, 1.4670081161963537, -0.02097740400016635, 
1.4670081161963537, -0.02097740400016635, 1.4486523596537817, -0.005219988869829797, 
1.5858760214663983, 0.34366598008356153, 1.622894421611684, 0.24799043639115514, 
1.622894421611684, 0.24799043639115514, 1.6038354428246628, 0.25775943095586185, 
1.6038354428246628, 0.25775943095586185, 1.546294837946118, 0.3538902269009851, 
1.622894421611684, 0.24799043639115514, 1.581194844711796, 0.1683782132984465, 
1.581194844711796, 0.1683782132984465, 1.549727979449868, 0.12927702417337678, 
1.549727979449868, 0.12927702417337678, 1.486840130397904, -0.03390447627068364, 
1.486840130397904, -0.03390447627068364, 1.5173739717305368, -0.1687665568245684, 
1.5173739717305368, -0.1687665568245684, 1.3724301451823107, -0.14314559934176913, 
1.3724301451823107, -0.14314559934176913, 1.4486523596537817, -0.005219988869829797, 
1.4486523596537817, -0.005219988869829797, 1.4186522981840506, 0.11082356213895496, 
1.4186522981840506, 0.11082356213895496, 1.4623154287490812, 0.17338391788485377, 
1.4623154287490812, 0.17338391788485377, 1.549727979449868, 0.12927702417337678, 
1.4186522981840506, 0.11082356213895496, 1.2646466516167711, 0.1214967292255039, 
1.2646466516167711, 0.1214967292255039, 1.2706265776440382, 0.09782764216453091, 
1.2706265776440382, 0.09782764216453091, 1.2801087977036405, 0.04377770577682888, 
1.2801087977036405, 0.04377770577682888, 1.3026628565744296, 0.029915429025101758, 
1.2646466516167711, 0.1214967292255039, 1.2680341030633322, 0.15533866009272257, 
1.2680341030633322, 0.15533866009272257, 1.2867221993843045, 0.1771707897804472, 
1.6038354428246628, 0.25775943095586185, 1.581194844711796, 0.1683782132984465, 
5.347895919511732, -0.9902106163028602, 5.613159719297062, -1.1408892850208734, 
5.613159719297062, -1.1408892850208734, 5.432159921604091, -1.1554646347577142, 
5.432159921604091, -1.1554646347577142, 5.273938452837048, -1.1550472190554824, 
5.273938452837048, -1.1550472190554824, 5.347895919511732, -0.9902106163028602, 
5.273938452837048, -1.1550472190554824, 5.238561389409159, -1.2725229779564444, 
5.238561389409159, -1.2725229779564444, 4.900166906103249, -1.2466488855916804, 
4.900166906103249, -1.2466488855916804, 4.960882908492874, -1.1734463653128633, 
4.960882908492874, -1.1734463653128633, 5.273938452837048, -1.1550472190554824, 
4.960882908492874, -1.1734463653128633, 4.940230111993716, -1.0853776159657431, 
4.940230111993716, -1.0853776159657431, 4.813735853435357, -1.0732713202189514, 
4.813735853435357, -1.0732713202189514, 4.7498255323299325, -1.1112172199801211, 
4.7498255323299325, -1.1112172199801211, 4.940230111993716, -1.0853776159657431, 
4.7498255323299325, -1.1112172199801211, 4.650138903730224, -1.1296420658012023, 
0.05775221824811934, 0.2650040073409339, 6.042157024946807, 0.26538361201464084, 
6.037844901710183, 0.4901311330990517, 5.9472190131955145, 0.5274612950729021, 
5.9472190131955145, 0.5274612950729021, 5.7998511775562545, 0.5789693683108281, 
6.037844901710183, 0.4901311330990517, 5.977760126733363, 0.4293805762830555, 
5.977760126733363, 0.4293805762830555, 5.962614799122587, 0.41129846044500495, 
5.962614799122587, 0.41129846044500495, 5.79016400614522, 0.44235467964182956, 
5.79016400614522, 0.44235467964182956, 5.692587771499381, 0.4475896844546449, 
6.042157024946807, 0.26538361201464084, 5.963312930823385, 0.21247784312708526, 
5.963312930823385, 0.21247784312708526, 5.940494766067556, 0.1890433975653909, 
5.940494766067556, 0.1890433975653909, 5.8040791710901845, 0.10817162963881012, 
5.8040791710901845, 0.10817162963881012, 5.690583551741676, 0.17235126585374094, 
0.03659155680910306, 0.5077308349120883, 6.037844901710183, 0.4901311330990517, 
0.03659155680910306, 0.5077308349120883, 0.05775221824811934, 0.2650040073409339, 
6.037844901710183, 0.4901311330990517, 6.042157024946807, 0.26538361201464084, 
1.7810750994504871, -1.0810913782110536, 1.5264053150667072, -0.980290380953006, 
1.5264053150667072, -0.980290380953006, 1.515315210433705, -0.8912824232247258, 
0.9787755581359575, 0.5635367481435366, 1.021593596036976, 0.5564749587223978, 
1.021593596036976, 0.5564749587223978, 1.0426815200794408, 0.624671268517768, 
1.0426815200794408, 0.624671268517768, 1.0378324178021725, 0.6983110818597423, 
1.0378324178021725, 0.6983110818597423, 0.972692366794614, 0.8340521163016733, 
0.972692366794614, 0.8340521163016733, 0.8915251151936636, 0.8702429550284116, 
0.8915251151936636, 0.8702429550284116, 0.8063268261456684, 0.9338636265909838, 
0.8063268261456684, 0.9338636265909838, 0.7448039658516791, 0.9755610279323843, 
0.8915251151936636, 0.8702429550284116, 0.8210414519541053, 0.7148107591847487, 
0.8210414519541053, 0.7148107591847487, 0.807978339789179, 0.6778950707415295, 
0.807978339789179, 0.6778950707415295, 0.7443036381327741, 0.6687912438762565, 
5.5429088290422746, 0.17683579240400416, 5.560967402062839, 0.1746677034027814, 
5.560967402062839, 0.1746677034027814, 5.597676733486417, 0.11887631793700959, 
5.597676733486417, 0.11887631793700959, 5.566829460108947, 0.09159632970192916, 
5.566829460108947, 0.09159632970192916, 5.5429088290422746, 0.17683579240400416, 
2.004113608477794, 0.0912370872028288, 1.9510649781825422, 0.1446776216705798, 
2.8506055096436116, 0.5971741131592876, 2.739664366316357, 0.6406662636779428, 
2.739664366316357, 0.6406662636779428, 2.650408311593151, 0.6151359663535111, 
2.650408311593151, 0.6151359663535111, 2.5055204810250933, 0.6352581848195732, 
2.650408311593151, 0.6151359663535111, 2.8506055096436116, 0.5971741131592876, 
5.099445691213876, 0.4304883622285853, 5.240788072067468, 0.48439092357960845, 
0.6622855426826657, 1.5579531275686238, 4.591153914059979, 1.5112166482820015, 
4.591153914059979, 1.5112166482820015, 4.389369260189753, 1.4318201129045143, 
4.389369260189753, 1.4318201129045143, 4.1192287195861415, 1.357770156065525, 
4.1192287195861415, 1.357770156065525, 4.265184587429172, 1.322168841897812, 
4.265184587429172, 1.322168841897812, 4.017438786145456, 1.2537393744499437, 
4.017438786145456, 1.2537393744499437, 3.886440917475456, 1.294257175280585, 
3.886440917475456, 1.294257175280585, 4.1192287195861415, 1.357770156065525, 
0.2983829412813993, -0.9642216941133026, 0.2883509425074186, -0.8153916554701743, 
0.2883509425074186, -0.8153916554701743, 0.11432779369218586, -0.7623583850230888, 
0.11432779369218586, -0.7623583850230888, 0.2983829412813993, -0.9642216941133026, 
0.2883509425074186, -0.8153916554701743, 0.39815177700897386, -0.8564868605178134, 
0.39815177700897386, -0.8564868605178134, 0.4958785816729043, -0.8081300939615067, 
0.4958785816729043, -0.8081300939615067, 0.2883509425074186, -0.8153916554701743, 
0.2883509425074186, -0.8153916554701743, 0.38556796558566236, -0.7560368594876852, 
0.38556796558566236, -0.7560368594876852, 0.11432779369218586, -0.7623583850230888, 
0.11432779369218586, -0.7623583850230888, 0.11467322343997641, -0.7383634659951201, 
0.11467322343997641, -0.7383634659951201, 0.04105450889048257, -0.7984357773484477, 
0.04105450889048257, -0.7984357773484477, 0.11432779369218586, -0.7623583850230888, 
0.27409595127759273, 0.5550903197526444, 0.32179072583570295, 0.4290678758973416, 
0.27409595127759273, 0.5550903197526444, 0.34673727364374, 0.47584802170477725, 
0.34673727364374, 0.47584802170477725, 0.32179072583570295, 0.4290678758973416, 
0.32179072583570295, 0.4290678758973416, 0.39917061295982553, 0.26783531258071086, 
0.39917061295982553, 0.26783531258071086, 0.4598644418591176, 0.15983094366188355, 
0.4598644418591176, 0.15983094366188355, 0.5325290352819582, 0.04823653720199328, 
0.5325290352819582, 0.04823653720199328, 0.49548006482703233, 0.05563188620328859, 
0.49548006482703233, 0.05563188620328859, 0.4425798811449573, 0.09577687807413668, 
0.4425798811449573, 0.09577687807413668, 0.39349466094942487, 0.1072320573958685, 
0.39349466094942487, 0.1072320573958685, 0.27464645721249265, 0.13770793020409502, 
0.27464645721249265, 0.13770793020409502, 0.21070051374477733, 0.1274075803997175, 
0.21070051374477733, 0.1274075803997175, 0.08987427799114792, 0.14294683017111603, 
0.08987427799114792, 0.14294683017111603, 6.280174680798923, 0.11979212598719843, 
6.280174680798923, 0.11979212598719843, 6.19568748858544, 0.09821598180687627, 
6.19568748858544, 0.09821598180687627, 6.204855130087163, 0.031074132613303097, 
6.204855130087163, 0.031074132613303097, 6.138897977670099, 0.021918426522962123, 
6.138897977670099, 0.021918426522962123, 6.096252411707202, 0.05728606909617126, 
6.096252411707202, 0.05728606909617126, 6.143426085401657, 0.11133649445874363, 
6.143426085401657, 0.11133649445874363, 6.19568748858544, 0.09821598180687627, 
6.011119947013184, -0.5169985243629746, 5.936979448644858, -0.4720000466406073, 
5.936979448644858, -0.4720000466406073, 5.763238633041086, -0.49661163535514197, 
5.763238633041086, -0.49661163535514197, 5.706075330777609, -0.5392771630123993, 
5.706075330777609, -0.5392771630123993, 5.80383627943595, -0.5680775130808086, 
5.80383627943595, -0.5680775130808086, 5.897052232991942, -0.5645446624707579, 
5.897052232991942, -0.5645446624707579, 6.003706294830689, -0.567924796771259, 
2.01506990453481, -1.2672161541397975, 1.8707616687225186, -1.2304430009188245, 
1.8707616687225186, -1.2304430009188245, 2.1289991969855833, -1.1975950324181692, 
2.1289991969855833, -1.1975950324181692, 2.01506990453481, -1.2672161541397975, 
2.1289991969855833, -1.1975950324181692, 1.9060326827899214, -1.1860762553966513, 
2.1289991969855833, -1.1975950324181692, 2.2066962146749893, -1.1543001300500964, 
2.2066962146749893, -1.1543001300500964, 2.366870203963675, -1.1588258657632537, 
2.366870203963675, -1.1588258657632537, 2.1289991969855833, -1.1975950324181692, 
2.127316408698452, -0.4241925651077942, 2.0465221588072775, -0.4348007799220547, 
2.0465221588072775, -0.4348007799220547, 1.907394700247971, -0.6474734970655873, 
1.907394700247971, -0.6474734970655873, 1.7355605320163265, -0.7539109870048345, 
1.7355605320163265, -0.7539109870048345, 1.7886817595280684, -0.8833877083643346, 
1.7886817595280684, -0.8833877083643346, 1.9601414091910563, -0.7557605201280547, 
1.9601414091910563, -0.7557605201280547, 2.1100354840869002, -0.6981874543710594, 
2.1100354840869002, -0.6981874543710594, 2.127316408698452, -0.4241925651077942, 
1.110133338546343, -1.0903765209544598, 1.1191255368100195, -1.035010776378742, 
1.1191255368100195, -1.035010776378742, 1.0417244978729305, -1.0716346114245348, 
1.0417244978729305, -1.0716346114245348, 0.978224324980536, -1.13109703604423, 
0.978224324980536, -1.13109703604423, 1.110133338546343, -1.0903765209544598, 
4.8039912981821375, -0.520597309633656, 4.834436418611127, -0.4436845013761039, 
4.789309143464634, -0.6416053344624466, 4.817861308875731, -0.6001193740264352, 
4.817861308875731, -0.6001193740264352, 4.737734236453302, -0.5309926579523959, 
4.737734236453302, -0.5309926579523959, 4.658111289151177, -0.4857382363345182, 
4.737734236453302, -0.5309926579523959, 4.8039912981821375, -0.520597309633656, 
4.8039912981821375, -0.520597309633656, 4.817861308875731, -0.6001193740264352, 
4.817861308875731, -0.6001193740264352, 4.985585235041308, -0.521506321969931, 
4.985585235041308, -0.521506321969931, 4.911600133986801, -0.47107794433494243, 
4.911600133986801, -0.47107794433494243, 4.8039912981821375, -0.520597309633656, 
4.911600133986801, -0.47107794433494243, 4.834436418611127, -0.4436845013761039, 
4.834436418611127, -0.4436845013761039, 4.772443711442304, -0.36754596497959374, 
4.985585235041308, -0.521506321969931, 5.004472839456568, -0.4829291992345587, 
5.004472839456568, -0.4829291992345587, 4.953529321156831, -0.4589619523145286, 
4.953529321156831, -0.4589619523145286, 4.911600133986801, -0.47107794433494243, 
4.953529321156831, -0.4589619523145286, 4.96428236997481, -0.3683798644848103, 
4.96428236997481, -0.3683798644848103, 4.99461840732555, -0.3794583396925434, 
4.99461840732555, -0.3794583396925434, 5.051134711202563, -0.3307903271915663, 
5.051134711202563, -0.3307903271915663, 5.068754770248562, -0.31149328602306253, 
5.004472839456568, -0.4829291992345587, 5.131388092117945, -0.43142843149136306, 
5.131388092117945, -0.43142843149136306, 5.2475838812633935, -0.48362880978870965, 
5.2475838812633935, -0.48362880978870965, 5.234836632476221, -0.6156867058180477, 
5.234836632476221, -0.6156867058180477, 5.215311255663461, -0.7307416923599898, 
5.215311255663461, -0.7307416923599898, 5.078409943956646, -0.7088765997805515, 
5.215311255663461, -0.7307416923599898, 5.075494516885293, -0.7819011934384016, 
4.597235592703631, -0.647582575705235, 4.63597866546946, -0.6812005481737416, 
4.63597866546946, -0.6812005481737416, 4.658216736126818, -0.7003477530638708, 
4.658216736126818, -0.7003477530638708, 4.613423754542473, -0.7504537673290369, 
4.613423754542473, -0.7504537673290369, 4.50361725832134, -0.75465419306217, 
4.50361725832134, -0.75465419306217, 4.424389985562026, -0.739356835911908, 
4.424389985562026, -0.739356835911908, 4.415118784289383, -0.6640512293932523, 
4.415118784289383, -0.6640512293932523, 4.407701201547435, -0.5985189641176762, 
4.407701201547435, -0.5985189641176762, 4.345358040666197, -0.49246163024484435, 
4.345358040666197, -0.49246163024484435, 4.31710615075152, -0.4613244471632745, 
4.31710615075152, -0.4613244471632745, 4.190245373050241, -0.3948215982139226, 
4.31710615075152, -0.4613244471632745, 4.1837809933198695, -0.4557762571510641, 
4.31710615075152, -0.4613244471632745, 4.212514486312213, -0.345669232433207, 
4.143503984596033, -0.05986721879887412, 4.1487122713931655, 0.07814857225391467, 
4.1487122713931655, 0.07814857225391467, 4.120140654120307, 0.1121466131264506, 
4.120140654120307, 0.1121466131264506, 4.078848262455903, 0.18393783356683002, 
4.078848262455903, 0.18393783356683002, 4.128518828592347, 0.26916322834977446, 
4.128518828592347, 0.26916322834977446, 4.173299697099177, 0.2734009725301979, 
4.173299697099177, 0.2734009725301979, 4.139659963497543, 0.31663375216806144, 
4.139659963497543, 0.31663375216806144, 4.128518828592347, 0.26916322834977446, 
4.957691864843811, 0.07336539659231138, 4.805394767209922, -0.05056412546569926, 
4.805394767209922, -0.05056412546569926, 4.631297841428351, -0.22471405229565747, 
4.631297841428351, -0.22471405229565747, 4.614594579582353, -0.26875306820800254, 
4.614594579582353, -0.26875306820800254, 4.541466144302366, -0.2242205042007348, 
2.7501662078039817, -0.011117262382816464, 2.6526314247278786, -0.006486322378270789, 
1.4480894327133649, -1.332413484179356, 1.2351077062144238, -1.2379813866008043, 
1.4237159929330478, 0.49930137500003496, 1.2315260868885785, 0.4006747648824626, 
1.2315260868885785, 0.4006747648824626, 1.1720562325450854, 0.33476335089594894, 
1.2039281596375806, 0.28814949618113384, 1.4732528170725339, 0.3690076893246435, 
1.133557153161042, 0.2727547247704825, 1.1472653099286845, 0.306175829594945, 
1.133557153161042, 0.2727547247704825, 1.0501660653660314, 0.2179984154042291, 
1.0501660653660314, 0.2179984154042291, 0.8936696885120516, 0.1575867433513284, 
1.2039281596375806, 0.28814949618113384, 1.1720562325450854, 0.33476335089594894, 
1.2039281596375806, 0.28814949618113384, 1.1722554909680214, 0.2770002381759587, 
1.1722554909680214, 0.2770002381759587, 1.133557153161042, 0.2727547247704825, 
1.1720562325450854, 0.33476335089594894, 1.158412798403871, 0.31290261720103885, 
1.158412798403871, 0.31290261720103885, 1.1472653099286845, 0.306175829594945, 
1.1472653099286845, 0.306175829594945, 0.9999085656895763, 0.41981324312633167, 
4.838179356057106, -0.8564335310128914, 4.83008429824581, -0.8022987771981303, 
5.840320899718335, -1.051726680605523, 6.097439235598556, -1.0164084931889763, 
6.097439235598556, -1.0164084931889763, 0.0874053643200976, -1.13232796022616, 
6.097439235598556, -1.0164084931889763, 0.1376308428869103, -1.0988258582274386, 
0.5931428740850563, 0.5822238737274964, 0.5652336298717588, 0.6106451372253934, 
0.5652336298717588, 0.6106451372253934, 0.493411849663419, 0.5162577423740446, 
0.493411849663419, 0.5162577423740446, 0.5931428740850563, 0.5822238737274964, 
4.401128943508504, -1.204759635629217, 4.009507852294238, -1.1986828744237463, 
4.009507852294238, -1.1986828744237463, 4.1676143536398325, -1.1070580034098823, 
4.1676143536398325, -1.1070580034098823, 4.401128943508504, -1.204759635629217, 
5.63548773742129, -0.0972352004010403, 5.784823431792173, -0.005582144654942044, 
5.784823431792173, -0.005582144654942044, 5.854074393829672, -0.024214019164309465, 
5.854074393829672, -0.024214019164309465, 5.8853812705768345, -3.500354929320873E-4, 
5.8853812705768345, -3.500354929320873E-4, 5.913854168951071, -0.0020483378113569334, 
5.913854168951071, -0.0020483378113569334, 5.989159902472919, -0.1322901384273464, 
5.989159902472919, -0.1322901384273464, 6.0907103972696515, -0.1586101839225002, 
6.0907103972696515, -0.1586101839225002, 6.121618757170941, -0.35081700407293626, 
5.784823431792173, -0.005582144654942044, 5.83303355602879, -0.13584333456724684, 
5.83303355602879, -0.13584333456724684, 5.787672615217026, -0.24206892763833554, 
5.83303355602879, -0.13584333456724684, 5.893309295545963, -0.18636432382148235, 
5.893309295545963, -0.18636432382148235, 5.975971958049618, -0.2372343578427581, 
5.975971958049618, -0.2372343578427581, 5.998044949648559, -0.2761241765252424, 
5.998044949648559, -0.2761241765252424, 6.062601769797743, -0.3695293399683138, 
5.444011234708573, -0.16573113725749117, 5.63548773742129, -0.0972352004010403, 
3.0798930828702287, 0.11396660202086015, 3.2230632185661157, -0.013738165767072995, 
3.2230632185661157, -0.013738165767072995, 3.3233978006506257, -0.025299033430989368, 
3.3233978006506257, -0.025299033430989368, 3.5133187786675024, -0.1948005544803144, 
3.5133187786675024, -0.1948005544803144, 3.7214593398970757, -0.17931609253865782, 
3.7214593398970757, -0.17931609253865782, 3.735068528094745, -0.10471151772568273, 
3.735068528094745, -0.10471151772568273, 3.8530730977698973, -0.09874054965501156, 
3.5133187786675024, -0.1948005544803144, 3.5547811568416523, -0.010401192367758218, 
3.5547811568416523, -0.010401192367758218, 3.6723748469220645, 0.026958064183270517, 
3.6723748469220645, 0.026958064183270517, 3.8669943301503875, 0.03303811297418413, 
3.5547811568416523, -0.010401192367758218, 3.3842284094258295, 0.05929949837193087, 
3.3842284094258295, 0.05929949837193087, 3.412901293443522, 0.19127256865183162, 
3.3842284094258295, 0.05929949837193087, 3.3233978006506257, -0.025299033430989368, 
2.135989107481766, -0.8261796984320111, 2.2702087461550633, -0.9236626841197672, 
2.2702087461550633, -0.9236626841197672, 2.289450257293022, -0.9548444367704854, 
2.289450257293022, -0.9548444367704854, 2.4526843239578433, -0.9601177418641085, 
2.4526843239578433, -0.9601177418641085, 2.6043039683159206, -0.9523878547780907, 
2.6043039683159206, -0.9523878547780907, 2.8220606164377307, -0.8625441625970123, 
2.8220606164377307, -0.8625441625970123, 2.7807647717630424, -0.8416957065524534, 
2.7807647717630424, -0.8416957065524534, 2.682299873639731, -0.735168526082201, 
2.682299873639731, -0.735168526082201, 2.4901565097086484, -0.7062804580270245, 
2.4901565097086484, -0.7062804580270245, 2.3910851096702688, -0.7580420888201707, 
2.3910851096702688, -0.7580420888201707, 2.135989107481766, -0.8261796984320111, 
